subset,detector,seed,nominal_fpr,arm,engines,pooled_A1,pooled_A2,pooled_A3,pooled_overall_fpr,pooled_overall_abs_error,pooled_climb_fpr,pooled_cruise_fpr,pooled_descent_fpr,ME_A2,ME_A3,WE_A2,EW_A1,EW_A2,EW_A3,worst_engine
DS07,pca,-1,0.005,pooled,4,0.005635861327603591,0.0038786222783756766,0.002462720823723669,0.004871007363409557,0.0001289926365904432,0.0011213777216243232,0.005251757248878777,0.006757239049227914,0.003646208045115378,0.0028381730073614047,0.004667290496984821,0.005177496302263721,0.0036462080451153773,0.0022985561138222877,9
DS07,pca,-1,0.005,phase_conditioned,4,0.0034987951817730353,0.002280278467010691,0.0015130852350348277,0.00468052104193544,0.00031947895806455975,0.002719721532989309,0.006218516714762344,0.00457124842370744,0.0030790481336282908,0.0023117770892112713,0.00416822624246205,0.0021622806552915414,0.0017701317158680596,0.0011226861523589698,9
DS07,pca,-1,0.005,quantile_regression_W,4,0.007446545682688697,0.005176415430353339,0.003264830059536507,0.0062786270636533545,0.0012786270636533544,0.0027298697476646422,0.01017641543035334,0.005169049941706917,0.0057466642700653115,0.0036897940870571347,0.014658180396894486,0.005151592842732985,0.002803739284977868,0.002112414113169069,9
DS07,pca,-1,0.01,pooled,4,0.009321697850580329,0.005869676627139371,0.003955736918593892,0.00974696242348078,0.0002530375765192206,0.0041303233728606295,0.009242365871210193,0.013452021223440958,0.00618459929661626,0.00430561958865185,0.008807790947528938,0.008184621834944037,0.005047197270657462,0.003574692662017357,9
DS07,pca,-1,0.01,phase_conditioned,4,0.002730989516069572,0.001602352356161742,0.0011852212279224717,0.00973954087848828,0.00026045912151172017,0.008397647643838258,0.01112863715990783,0.009389350210568893,0.00669999247793027,0.004559052264582701,0.013456717816563194,0.0011191291989850367,0.0008774784515717306,0.0005414504615936989,8
DS07,pca,-1,0.01,quantile_regression_W,4,0.009533720334094366,0.004814262300904713,0.003895270815997228,0.010323369084564795,0.00032336908456479484,0.005185737699095287,0.014719458033189652,0.009737324228508887,0.008048968977798818,0.005485592345242694,0.011470321743919555,0.00804307959649398,0.004480636409040864,0.003315035617810722,9
DS07,pca,-1,0.02,pooled,4,0.016269633540701413,0.011292831808564078,0.007173751707911507,0.018824748873471315,0.0011752511265286855,0.008707168191435922,0.0185537859899835,0.024976801732137333,0.013421339896524448,0.009475992957962243,0.017282872392042698,0.01391691554901878,0.00936794022658757,0.006497503535468502,9
DS07,pca,-1,0.02,phase_conditioned,4,0.0046745643833885665,0.0033143131283027913,0.002545723436211925,0.018811142707651735,0.0011888572923482651,0.017429558704884843,0.01668568687169721,0.021360251255085776,0.011036036775146236,0.008079247087068225,0.016283237671313105,0.006702260802205106,0.005747038891650642,0.0033714905503872523,8
DS07,pca,-1,0.02,quantile_regression_W,4,0.016967487711027785,0.01179402935168965,0.007491415059251506,0.022095176366832125,0.0020951763668321244,0.014826541640661866,0.03179402935168965,0.018418829855575913,0.014116691599350827,0.009532702768848605,0.023002824808570365,0.013643580983279339,0.009068838266634422,0.0059616022443732064,9
DS07,isolation_forest,0,0.005,pooled,4,0.0020398189945325116,0.0017726225349450836,0.00137769600822069,0.0041239051674980855,0.0008760948325019146,0.003425022452924969,0.0032273774650549165,0.005267196459587428,0.004344291502256184,0.002994045690631278,0.006655148178517044,0.001986855163799855,0.001983659986904308,0.0011826428069659511,8
DS07,isolation_forest,0,0.005,phase_conditioned,4,0.0022255662421311025,0.0016744928147238193,0.0011900476383840362,0.0041201943950018366,0.0008798056049981635,0.005551073427407283,0.003325507185276181,0.003931808989031383,0.005963285729752046,0.003896347107108648,0.013390535316856036,0.004205981497168881,0.002312042578696269,0.0018779243234230542,8
DS07,isolation_forest,0,0.005,quantile_regression_W,4,0.005742901391763901,0.002990653494284018,0.0024604067548629127,0.005740565051697246,0.0007405650516972458,0.002009346505715982,0.007752247897479883,0.006281377144352709,0.005144475960024379,0.0035302793549664042,0.006472530404428931,0.0059081412375960995,0.003502540655894463,0.0025439505448544273,10
DS07,isolation_forest,0,0.01,pooled,4,0.0040630827609003965,0.005664120139853024,0.004313396073573754,0.006284811684480436,0.003715188315519564,0.005398850207277285,0.004335879860146976,0.008398962621047373,0.007787628918783965,0.005877453999242577,0.008849379635405837,0.004141569117187853,0.00604686782835666,0.004016933588101712,9
DS07,isolation_forest,0,0.01,phase_conditioned,4,0.005099473817223053,0.006336490445072798,0.003880438001163125,0.006764738260661977,0.003235261739338023,0.008762983372150255,0.0036635095549272024,0.00813129029955507,0.007832924994031544,0.0058362635938200205,0.012431767599859435,0.007124609262272228,0.006581488423863993,0.004013022858181162,8
DS07,isolation_forest,0,0.01,quantile_regression_W,4,0.009636501150327995,0.004971559628372379,0.004413450561848867,0.011813862703891486,0.0018138627038914862,0.005028440371627621,0.014664941521955617,0.013457969497251898,0.008046117985060407,0.005783477652993818,0.01028887665002576,0.009080528516341533,0.005303023124347836,0.004169627587587258,9
DS07,isolation_forest,0,0.02,pooled,4,0.017476235883572524,0.0126273220383704,0.00936807843774134,0.01588829090477292,0.004111709095227081,0.0073726779616296,0.011037776307851105,0.024848913845202124,0.014955881870536158,0.01045849746267147,0.017296735288001665,0.015324594262762156,0.010773486780772942,0.00917987306970402,9
DS07,isolation_forest,0,0.02,phase_conditioned,4,0.011896948582222537,0.011866136523881866,0.007566727019283877,0.014617969786890336,0.005382030213109665,0.014435835375661536,0.008133863476118134,0.02003081205834067,0.013647323423985256,0.00939900806706571,0.016625869395680476,0.013008221279709166,0.01322190461897637,0.007949895639427834,7
DS07,isolation_forest,0,0.02,quantile_regression_W,4,0.010094717712393172,0.005651930809679032,0.00469430738715971,0.02256025985302867,0.0025602598530286708,0.01555721309728586,0.023798274370697738,0.025651930809679032,0.00806360651000754,0.0064648245118194385,0.00965968649614762,0.007984433484412287,0.004919589625624932,0.0037896105807858496,10
DS07,isolation_forest,1,0.005,pooled,4,0.0018455012510821375,0.0018162357439323123,0.0011678499887577336,0.004177092906610989,0.0008229070933890113,0.004110026943509963,0.003183764256067688,0.005029265507149825,0.005204237707778012,0.0034493213153169652,0.010022841747686542,0.0025679569806519136,0.002103285502102495,0.0012506681056789317,8
DS07,isolation_forest,1,0.005,phase_conditioned,4,0.0022486715161050145,0.0016417829079833982,0.0012077496560407167,0.004112772850009339,0.0008872271499906614,0.005606888608121616,0.003358217092016602,0.0038544814294891624,0.006047470797105209,0.003956124095773022,0.01362480965210261,0.0043389013905339386,0.0023890185171678204,0.0019443900731321935,8
DS07,isolation_forest,1,0.005,quantile_regression_W,4,0.005213029103324094,0.0029805052796086848,0.002245269705194148,0.005499364839441059,0.0004993648394410587,0.0020194947203913153,0.0072325238237154095,0.006120773751457327,0.004727316752091063,0.0032816196837132106,0.005849989994886275,0.005512794804782968,0.0035018063861072205,0.0024028726355135857,10
DS07,isolation_forest,1,0.01,pooled,4,0.003995676456669407,0.005620506930865795,0.0042810666900512055,0.006300891698630849,0.0036991083013691514,0.005444517173316284,0.004379493069134205,0.008375169525803612,0.007849009391549214,0.00592890634912138,0.008849379635405837,0.0041098989185599285,0.006038793885376195,0.004000761450422908,9
DS07,isolation_forest,1,0.01,phase_conditioned,4,0.005144788273824301,0.006209285252193381,0.003821804484196926,0.006782055198977806,0.0032179448010221942,0.00893550302163092,0.003790714747806619,0.007967712769754217,0.0077260856725628,0.005767023559469054,0.012226777556518685,0.007208079794983099,0.0065553856259318415,0.004035504672582567,8
DS07,isolation_forest,1,0.01,quantile_regression_W,4,0.0074404692501917405,0.004342370318501718,0.003419832008819457,0.011106342081273339,0.0011063420812733385,0.005657629681498282,0.012575141924650913,0.013098098931690023,0.006689847107635521,0.004971229865462045,0.010254796896191387,0.0074598168013057554,0.00467652912074264,0.0034777691193578386,10
DS07,isolation_forest,1,0.02,pooled,4,0.016439849399489757,0.012738952399799067,0.009392346982616736,0.015229010324606008,0.004770989675393992,0.007261047600200935,0.010583472047567473,0.02370089699969069,0.014884218626173524,0.010411558615389123,0.01714424343245304,0.014427670564741256,0.011063438432086846,0.009200708978764852,9
DS07,isolation_forest,1,0.02,phase_conditioned,4,0.012025717730137843,0.012509431356443489,0.007980004985332084,0.014113304727400468,0.005886695272599532,0.014141537150076872,0.007490568643556511,0.019516286373694354,0.013637536644914898,0.009547126379671967,0.01664178510607821,0.012779431609482101,0.013567944596876144,0.008203568263375975,7
DS07,isolation_forest,1,0.02,quantile_regression_W,4,0.008366977554020313,0.004944086226177164,0.003826772770873361,0.022170628740922523,0.002170628740922522,0.01657710867215685,0.022787901695826944,0.024944086226177165,0.008037141601774173,0.006279149279442509,0.011882962403005983,0.006021702481098831,0.004249939677208724,0.0032293056480632016,10
DS07,isolation_forest,2,0.005,pooled,4,0.0017824064757694636,0.0016817616828883578,0.0009734939370176046,0.004452926995498833,0.0005470730045011672,0.004932032332211955,0.0033182383171116423,0.005100644792881106,0.005513561073819951,0.003727791234839461,0.011867752137753308,0.003664358228722879,0.0021395147412348243,0.0015184530806250883,8
DS07,isolation_forest,2,0.005,phase_conditioned,4,0.002205058307117786,0.0015981696989961695,0.0010777905972120315,0.0042921268539947086,0.0007078731460052915,0.005606888608121616,0.0034018303010038306,0.0042500416379166765,0.0059381730477687834,0.003956671744498211,0.01344910390066768,0.004431474291407902,0.0023634204476895735,0.0018975396801597121,8
DS07,isolation_forest,2,0.005,quantile_regression_W,4,0.004915307949319813,0.0026100954439590217,0.002025221113514552,0.005323721607951938,0.00032372160795193783,0.0023899045560409784,0.007305212505360791,0.005421851578671869,0.004946755256658169,0.0032564760718497695,0.007917713498010095,0.005627235136974067,0.003170589857175127,0.0023242741217148755,10
DS07,isolation_forest,2,0.01,pooled,4,0.003319898280390408,0.005551452683302683,0.004222305606735599,0.006157408495442553,0.0038425915045574473,0.005794630579615281,0.004448547316697317,0.007768445597087725,0.007825317391785963,0.00584206785901385,0.008712662527820077,0.003720223013101421,0.006075918421950124,0.004015284267371553,8
DS07,isolation_forest,2,0.01,phase_conditioned,4,0.004859601167793296,0.0060966177956430405,0.003859204119801177,0.006606411967488685,0.003393588032511315,0.008762983372150255,0.0039033822043569597,0.007554307739893883,0.007960244182960204,0.005806666945991997,0.012197493264612861,0.00716559080232766,0.006547335137038469,0.004076894502094805,8
DS07,isolation_forest,2,0.01,quantile_regression_W,4,0.006175041392935255,0.003672588149929724,0.0026591426822050704,0.010459430742760591,0.00045943074276059113,0.006327411850070276,0.01250245324300553,0.011209521996716553,0.0067811065123008565,0.004537173272181358,0.010588300687017807,0.0068098513621987836,0.004225467594084931,0.002916661412961826,10
DS07,isolation_forest,2,0.02,pooled,4,0.015222655148809302,0.012104688982590739,0.009169675113008847,0.015011311671492732,0.004988688328507268,0.007895311017409262,0.010201856468929222,0.023117966166218563,0.0147359337655876,0.010334931425100675,0.016756082345601997,0.014184355373448629,0.011281402042691183,0.008956843803214088,9
DS07,isolation_forest,2,0.02,phase_conditioned,4,0.010040720609692468,0.012076933700653473,0.0076657840637248415,0.013792941368557635,0.006207058631442365,0.014872208606700866,0.007923066299346528,0.017963786909038996,0.013284989790975112,0.009465305750414444,0.016164313794146203,0.010946210337073126,0.01310923866480015,0.007891501143563339,7
DS07,isolation_forest,2,0.02,quantile_regression_W,4,0.008459711766640003,0.004488816846328857,0.003745011335458887,0.021591748231507675,0.0015917482315076746,0.016029105079688855,0.024488816846328858,0.022481500868447975,0.00882240784378506,0.006293269376699681,0.011816261644840693,0.007933986282494695,0.005003059244642439,0.003502865060525383,10
DS07,lstm_autoencoder,0,0.005,pooled,4,0.003682339857083643,0.00201135077811436,0.0015222045042120546,0.00508994294068825,8.994294068824949e-05,0.00298864922188564,0.004662978927551191,0.006670989078969283,0.004502958607956554,0.003081480202666479,0.005571630362888308,0.002832679513208021,0.0014543817837893813,0.0014161047416703936,7
DS07,lstm_autoencoder,0,0.005,phase_conditioned,4,0.002476493340412522,0.0013415686095423662,0.0010328744548459066,0.0051987922672448875,0.0001987922672448874,0.003658431390457634,0.006134924730870156,0.005335601608413239,0.003968730527934538,0.0029420833189068743,0.004993426546094124,0.0007599832818205535,0.0007243714745281821,0.00042068370619323105,9
DS07,lstm_autoencoder,0,0.005,quantile_regression_W,4,0.002095232299777975,0.002712269122574924,0.0017964292200769222,0.006653415085774507,0.0016534150857745065,0.005617036822796949,0.007712269122574924,0.00639439434676057,0.005458611936625148,0.003767427736924126,0.008870082342177493,0.0030422067443160138,0.0029443243316036117,0.0018516478492179122,7
DS07,lstm_autoencoder,0,0.01,pooled,4,0.006812223088166265,0.004311925674475718,0.0029381773459493167,0.01033821217454979,0.0003382121745497905,0.0056880743255242824,0.011026873005604298,0.012500297413690548,0.005717052811986721,0.004349770174406622,0.00747695293546822,0.00542968717042112,0.0032244061358953644,0.002266009369187928,9
DS07,lstm_autoencoder,0,0.01,phase_conditioned,4,0.00219529926359939,0.0016483612336723047,0.0010030037957274405,0.010409953776143939,0.0004099537761439384,0.009453061970072915,0.011648361233672305,0.009957410359513669,0.007374328748615485,0.005426569819992664,0.013983835070867987,0.00201188296867052,0.0016667422962250381,0.0009873326309310184,8
DS07,lstm_autoencoder,0,0.01,quantile_regression_W,4,0.0038658474132072657,0.006612998190051825,0.004456874299453711,0.014095987789084639,0.0040959877890846385,0.01288315853033555,0.016612998190051825,0.01274715077684456,0.011149306821975999,0.007498064841122509,0.016642268984446477,0.004914941521091162,0.006085454652373977,0.0038666886517814397,7
DS07,lstm_autoencoder,0,0.02,pooled,4,0.01212479760996774,0.008765926354406102,0.005419843586275879,0.019251487710539954,0.000748512289460046,0.011234073645593898,0.019974849716150697,0.023358871255561638,0.012086269735970268,0.008229529835793711,0.015550010397171968,0.009259529471209976,0.00620090610246295,0.00428916107680807,9
DS07,lstm_autoencoder,0,0.02,phase_conditioned,4,0.0024845029953989815,0.0019986479905213968,0.0012194208452054015,0.019404866307051582,0.0005951336929484186,0.01952009092800349,0.018001352009478604,0.020485855004877585,0.011601791715531891,0.00839531604523229,0.0188309710671196,0.007420522592860733,0.0044184261853346795,0.0030861933493143245,8
DS07,lstm_autoencoder,0,0.02,quantile_regression_W,4,0.0023074285784859573,0.01102309226249372,0.010269277289501388,0.030188371181151256,0.010188371181151255,0.03102309226249372,0.028715663684007763,0.03090425658473911,0.02099782943458303,0.01473995562050203,0.043677950594693496,0.0028380923802404853,0.010563515815969777,0.00943703899417642,7
DS07,lstm_autoencoder,1,0.005,pooled,4,0.0040562365041446995,0.0022752043596730247,0.0016702774821187004,0.00513694605897407,0.0001369460589740702,0.0027247956403269754,0.004855603933911451,0.006781032144471674,0.004207624273967108,0.0029692765871931312,0.005235311263326644,0.003307883908749778,0.0018159222172788201,0.0015223140730717872,7
DS07,lstm_autoencoder,1,0.005,phase_conditioned,4,0.0028097332457804707,0.001747497196555696,0.0011907260844065874,0.005046650594898677,4.665059489867684e-05,0.003252502803444304,0.006062236049224775,0.005267196459587428,0.003636593735158201,0.0027516171923391754,0.004504859026062856,0.0011798728742105505,0.0011844656995115702,0.0006839561299041383,9
DS07,lstm_autoencoder,1,0.005,quantile_regression_W,4,0.0015217920248171831,0.0025741606274486996,0.001720054046285074,0.00657425193918786,0.00157425193918786,0.006068632375849279,0.0075741606274487,0.0060523686026315165,0.005273799427379621,0.003407217168942575,0.009309240622140898,0.0025212425873140255,0.0029296976819948523,0.0018051392552494805,7
DS07,lstm_autoencoder,1,0.01,pooled,4,0.005100549854834576,0.0030433988400590632,0.002127253911853097,0.010210808985511906,0.00021080898551190629,0.006956601159940937,0.010285448452821411,0.012057151014775513,0.006995594669303334,0.004845034165202336,0.00997188707977041,0.0030353417201153046,0.0017738569740118181,0.0013582641771226352,8
DS07,lstm_autoencoder,1,0.01,phase_conditioned,4,0.0008317928321437008,0.0005943753498142794,0.00036974003479186976,0.01013535661142151,0.00013535661142151031,0.009762582517670579,0.01059437534981428,0.00997822931785196,0.007852834631531472,0.005449584820657032,0.015828745460934754,0.0027557605041198478,0.0021297935065675584,0.0012929021113937296,8
DS07,lstm_autoencoder,1,0.01,quantile_regression_W,4,0.0020176803930594227,0.004134314145944335,0.0035464137234787643,0.01326724859825569,0.00326724859825569,0.014019758573972875,0.014134314145944335,0.012116633752884912,0.00976248862341239,0.006652021255370626,0.01719121683440073,0.002664244903304285,0.004593285394481039,0.003125752362445627,7
DS07,lstm_autoencoder,1,0.02,pooled,4,0.010619933608208409,0.009197225478107765,0.005577533825019646,0.01746784306400959,0.002532156935990411,0.010802774521892235,0.01740893925406875,0.021422708130100644,0.012231937807590873,0.007937369869249405,0.015799542524433354,0.0077797220707366,0.006692369492566064,0.004670412406904894,9
DS07,lstm_autoencoder,1,0.02,phase_conditioned,4,0.004506384737925147,0.005037034883298323,0.0029801489201614576,0.017742440228732018,0.0022575597712679828,0.019469349854626825,0.014962965116701678,0.01900473482595351,0.01169648346694828,0.008284537436994678,0.01944594119714185,0.009582040946816701,0.0066397412155941755,0.004259883637557228,8
DS07,lstm_autoencoder,1,0.02,quantile_regression_W,4,0.005986018950795979,0.0133064405644437,0.009761165809381215,0.02881662228170453,0.008816622281704531,0.0333064405644437,0.02742907401888452,0.02732042161364772,0.02215616505478545,0.014487124758090811,0.04583714547118023,0.0023750127649545018,0.009413627693112197,0.008523972415192748,7
DS07,lstm_autoencoder,2,0.005,pooled,4,0.003553045420205833,0.001950461490062361,0.0014618149484570847,0.005124576817319907,0.00012457681731990657,0.003049538509937639,0.004804721856759684,0.006602583930143472,0.00420699607427281,0.00298155495865177,0.005493155906323921,0.0027473932497691957,0.0014300948314725868,0.0013234820219410013,7
DS07,lstm_autoencoder,2,0.005,phase_conditioned,4,0.0025049342960827225,0.0015699034397373642,0.0010850825524174287,0.005118392196492825,0.00011839219649282477,0.003430096560262636,0.005935030856345358,0.00543969640010469,0.0038925977291001013,0.0029408818459986464,0.004664753850800362,0.0011111205707808212,0.0009661125210408267,0.000582008151537771,9
DS07,lstm_autoencoder,2,0.005,quantile_regression_W,4,0.0028215484389381654,0.004162408321400275,0.0026635152134612847,0.007332486452588078,0.002332486452588078,0.006469486855524942,0.009162408321400275,0.006340859882462109,0.005764698309737214,0.0040532321946558595,0.008504117108874658,0.0040394727513649534,0.00462402551670407,0.002784669014240758,7
DS07,lstm_autoencoder,2,0.01,pooled,4,0.005833071554535178,0.0031245845574617284,0.002442355853562749,0.010668470926715953,0.0006684709267159531,0.006875415442538272,0.010892398944560342,0.01270848699707345,0.006692838307945212,0.00503867822177796,0.008331966733044394,0.0038498770538077393,0.0023957858733878283,0.001665707800027012,8
DS07,lstm_autoencoder,2,0.01,phase_conditioned,4,0.0022656429783299847,0.0024443022976892263,0.0014209380807728832,0.010969043498912125,0.0009690434989121244,0.010178659319359242,0.012444302297689227,0.010225082681005972,0.008627556072520647,0.005996009839200094,0.014803795244230993,0.0026723287168191473,0.0026025481498842904,0.0015622094919896308,8
DS07,lstm_autoencoder,2,0.01,quantile_regression_W,4,0.0017211479634925125,0.004777608978505956,0.004226579222609252,0.014025483111655907,0.004025483111655907,0.014628651454492868,0.014777608978505956,0.013056461015013444,0.011582094900137745,0.007773244382323121,0.016715462031107048,0.0036190933309663102,0.005939368770436231,0.0040231382647720505,7
DS07,lstm_autoencoder,2,0.02,pooled,4,0.014161128387887823,0.008080921863821108,0.005895183968625917,0.02103884312956657,0.0010388431295665704,0.011919078136178892,0.021410451178646973,0.026080206524066715,0.012066726536957945,0.008988743222945126,0.015037083246690234,0.010803237828821144,0.005440260198161902,0.004522152051027229,9
DS07,lstm_autoencoder,2,0.02,phase_conditioned,4,0.0016469441022105846,0.0014613332557987385,0.0008505168449591354,0.02044635645433214,0.0004463564543321398,0.019814389153588154,0.02146133325579874,0.01998620000475862,0.012347488937449767,0.008841927977047716,0.01859669673187302,0.004876977635802183,0.0031784390216776544,0.002096852186198587,8
DS07,lstm_autoencoder,2,0.02,quantile_regression_W,4,0.0038052179985145276,0.011139796731260053,0.009670020548177678,0.02942518897108937,0.00942518897108937,0.031139796731260053,0.027334578732745526,0.0301309809893169,0.02059977032476732,0.013629627561658038,0.035041171088746575,0.0017106374005829601,0.00958802531217759,0.008798884938663919,7
DS07,cvae,0,0.005,pooled,4,0.006926133924553364,0.004071438357207009,0.0028715392944563814,0.0052309522955457126,0.00023095229554571245,0.0009285616427929916,0.005106379885588015,0.007854695567346356,0.005082600714338581,0.0034452518546223675,0.008688187352159728,0.006673838071899486,0.0038860799513215217,0.0027740425573726303,7
DS07,cvae,0,0.005,phase_conditioned,4,0.005395890068517114,0.00387165359481875,0.002475561074955054,0.005515444853591471,0.0005154448535914713,0.0034757635263016353,0.00887165359481875,0.0039645244949915535,0.004122342553061315,0.0029250834196627223,0.005286567058112886,0.004420181743307766,0.003371004714018946,0.002094691361965723,9
DS07,cvae,0,0.005,quantile_regression_W,4,0.004989647809883241,0.002539057941231689,0.002042058777041433,0.005315063138794024,0.000315063138794024,0.002460942058768311,0.007450589868651552,0.005240429227438197,0.0035828830279216626,0.0025460845342048064,0.0060278586833270335,0.005580233501452711,0.0030365460352648,0.002295570586479305,10
DS07,cvae,0,0.01,pooled,4,0.015139819401819665,0.007651502533964643,0.006187230746443481,0.01151823782835698,0.0015182378283569806,0.0025116831321449775,0.010474439025099402,0.017651502533964643,0.009716092093966571,0.006335609874340874,0.01727547897445096,0.014429807668332373,0.007398720281858005,0.0058933706265316965,7
DS07,cvae,0,0.01,phase_conditioned,4,0.009202747720006791,0.006656611399039057,0.004164639858413442,0.011181794455363736,0.0011817944553637362,0.007453863679032266,0.016656611399039057,0.008886721073544457,0.007605618887259068,0.005753629285308881,0.008241910744284568,0.00825439152931914,0.007046568126863018,0.004170326404162677,8
DS07,cvae,0,0.01,quantile_regression_W,4,0.00884510184261868,0.004984771721195292,0.003640685532460867,0.01070681557584386,0.00070681557584386,0.006139669878576611,0.014984771721195292,0.009883056936876917,0.005471326893683607,0.00396980265279799,0.008698445872334747,0.009282148316782611,0.005412718962388263,0.003841542734309969,10
DS07,cvae,0,0.02,pooled,4,0.026127296866613546,0.013530419472269146,0.010687806649844025,0.022227527252531673,0.0022275272525316726,0.0074031226056556,0.019033531288843015,0.033530419472269146,0.017150033845055083,0.010833690649844286,0.03086265849037567,0.024233260617404634,0.01314135645188175,0.009929785369839291,7
DS07,cvae,0,0.02,phase_conditioned,4,0.016274873073719266,0.01270990674042145,0.00762131805650978,0.023434765237978026,0.0034347652379780255,0.016435033666702185,0.03270990674042145,0.01994753622498751,0.017099540392766125,0.012230617688143899,0.022488382951286214,0.015222481416098475,0.014891140260428839,0.008600231197838256,10
DS07,cvae,0,0.02,quantile_regression_W,4,0.020775639974865846,0.015860961089748712,0.009591036162493335,0.023996328809077046,0.003996328809077045,0.015085321114882864,0.03586096108974871,0.019510338099883413,0.013782870115442724,0.008847997674517149,0.025196937125801695,0.01874268507848404,0.013782870115442724,0.008460357536853227,9
DS07,cvae,1,0.005,pooled,4,0.0012558404365137395,0.0021743728783991043,0.0016084069968015009,0.006482719550947051,0.0014827195509470505,0.006479635070200275,0.007174372878399104,0.005918532441885365,0.004933252847091466,0.0030347866114048975,0.010169263207215649,0.00145961432938458,0.002516959057732619,0.0018230395543850856,8
DS07,cvae,1,0.005,phase_conditioned,4,0.004378574797095384,0.004743917774563323,0.002778597864866567,0.00694285534048193,0.0019428553404819303,0.005723593076887948,0.009743917774563323,0.0053653429774679386,0.005683660790138916,0.0034304211602268816,0.00811936277380813,0.003554619077489574,0.004037622371688815,0.002520357747215777,8
DS07,cvae,1,0.005,quantile_regression_W,4,0.003812877918869887,0.0026032361001068526,0.0019099334197959382,0.0062749162911571055,0.0012749162911571054,0.0037903581812369657,0.007603236100106853,0.006644221846820053,0.0031141012650881244,0.0023367033271720966,0.003848967249927741,0.004487777092185731,0.0027997979502209277,0.0021332588620999464,10
DS07,cvae,1,0.01,pooled,4,0.001421766273449112,0.004076589973589664,0.00351547674075757,0.01358884888126394,0.003588848881263939,0.012654823700140552,0.01366183771524936,0.014076589973589664,0.008153235127798995,0.005421221278960295,0.01615087267189879,0.0015012246060828096,0.004494060363096158,0.004014921527398891,8
DS07,cvae,1,0.01,phase_conditioned,4,0.00903163465281486,0.010229260101909532,0.006058432845575121,0.014469538887040374,0.004469538887040374,0.012010412068256891,0.020229260101909532,0.011197625449094672,0.01153003785412843,0.007293587155933508,0.015330912498535786,0.008265512317952181,0.009830828099226424,0.006133338268718627,8
DS07,cvae,1,0.01,quantile_regression_W,4,0.007947177944888714,0.006623901492298636,0.004521689973970251,0.013580190412106024,0.0035801904121060234,0.008676723547409922,0.016623901492298636,0.013963572771181803,0.006950693562560105,0.005061802326735008,0.009698957244814016,0.009012260146447291,0.006950693562560105,0.004796687495852731,10
DS07,cvae,1,0.02,pooled,4,0.007010331038762453,0.008971067596183588,0.005937637731672065,0.025784921152269075,0.005784921152269074,0.021960736557421135,0.02463055977553735,0.028971067596183588,0.010351432764973148,0.007999386152547259,0.01968021553238843,0.005312923862795249,0.009692863823210742,0.006713164144316197,8
DS07,cvae,1,0.02,phase_conditioned,4,0.01589315221250816,0.0172602182114223,0.010090194279680645,0.027196251625009122,0.007196251625009122,0.02136706599891414,0.0372602182114223,0.022377406076756524,0.018271677202654404,0.012042707655443808,0.022777419570002445,0.015301585244683585,0.018271677202654404,0.010902510099258253,10
DS07,cvae,1,0.02,quantile_regression_W,4,0.013192795296320694,0.012215623705232857,0.007770738489842679,0.02623392462431521,0.006233924624315209,0.019022828408912163,0.03221562370523286,0.0255656808394204,0.012486344785914035,0.008554474432853641,0.015484803343931344,0.014518316744294539,0.012486344785914035,0.007998967223566321,10
DS07,cvae,2,0.005,pooled,4,0.0032951871689656047,0.00177095069526724,0.00142526293804027,0.005562447971877292,0.000562447971877292,0.0034757635263016353,0.00677095069526724,0.005796592828761093,0.004538698693964767,0.0030446350613981734,0.0056951871657754,0.0019016639117903126,0.00110951859664509,0.0008249204233604708,9
DS07,cvae,2,0.005,phase_conditioned,4,0.0068858670384723255,0.0053108894913972944,0.0032082009487420945,0.0062415193386908645,0.0012415193386908644,0.003425022452924969,0.010310889491397295,0.00456232601299103,0.0055081744967072355,0.003693318234519594,0.011353687352319362,0.004497162391533575,0.0033412451696661115,0.002058392635285419,9
DS07,cvae,2,0.005,quantile_regression_W,4,0.005270104115701517,0.0034718658457691546,0.002271244208470403,0.005923629828178865,0.0009236298281788645,0.003201761730067638,0.008471865845769155,0.005433748126293749,0.004894805641465624,0.0030986326458417902,0.006894968539475732,0.00601548640208874,0.004289483888451829,0.002680548980323041,10
DS07,cvae,2,0.01,pooled,4,0.006420905603842997,0.0032557281876799352,0.0030615107932684773,0.011514527055860733,0.0015145270558607326,0.006834822583836939,0.01273869145835302,0.013255728187679935,0.007443814074669741,0.005127422005837264,0.009764776946719492,0.005821812334436169,0.0034180952314367113,0.0024288809949124957,9
DS07,cvae,2,0.01,phase_conditioned,4,0.012123816060221011,0.009734977066720942,0.005794194902092615,0.0125263310231713,0.0025263310231712997,0.007611161006499932,0.019734977066720942,0.009508315686787694,0.008231426264401716,0.005329469300736067,0.01749302680903228,0.008954075915164525,0.007399162410733901,0.004371764848691225,9
DS07,cvae,2,0.01,quantile_regression_W,4,0.008236511402840466,0.005355483997586735,0.0035555363831426667,0.011524422449184063,0.0015244224491840624,0.007118972594746269,0.015355483997586735,0.01097159104427895,0.007620831484354378,0.004910265426888054,0.01165551281766236,0.00978657607805864,0.006760629523458865,0.00431216129386417,10
DS07,cvae,2,0.02,pooled,4,0.015151733017464218,0.009765162149944086,0.007733106195802962,0.02527283454778671,0.005272834547786709,0.014613429132479868,0.027418170716637713,0.029765162149944086,0.013004501826116462,0.008631071340595169,0.018418851806594094,0.013969888709132544,0.010094629817044707,0.006920602190942206,7
DS07,cvae,2,0.02,phase_conditioned,4,0.022431636073153377,0.020185937647648883,0.011732031541437798,0.026587684935624283,0.006587684935624283,0.017754301574495507,0.040185937647648884,0.020637535987056557,0.01817265239657343,0.011757247075048003,0.02766642386341429,0.018548526434110632,0.018172652396573435,0.010507397266143139,9
DS07,cvae,2,0.02,quantile_regression_W,4,0.01740280544231981,0.013244168550514999,0.00807074583526252,0.024178156661393245,0.004178156661393245,0.01584136310819519,0.033244168550515,0.021645768398010898,0.014455448867389097,0.009357907558990975,0.019820352624674836,0.019125477426600077,0.014455448867389097,0.008821213403054598,10
